1.708571428571428612e+02
1.705714285714285836e+02
1.707619047619047592e+02
1.711904761904762040e+02
1.713809523809523796e+02
1.718095238095237960e+02
1.720952380952381020e+02
1.723333333333333428e+02
1.725238095238095184e+02
1.728571428571428612e+02
1.724761904761904816e+02
1.724761904761904816e+02
1.732380952380952408e+02
1.736190476190476204e+02
1.732380952380952408e+02
1.736666666666666572e+02
1.741904761904762040e+02
1.740952380952381020e+02
1.735714285714285836e+02
1.730476190476190368e+02
1.738571428571428612e+02
1.749523809523809632e+02
1.749047619047618980e+02
1.746190476190476204e+02
1.749047619047618980e+02
1.753809523809523796e+02
1.753809523809523796e+02
1.751904761904762040e+02
1.750000000000000000e+02
1.750000000000000000e+02
1.749523809523809632e+02
1.746190476190476204e+02
1.747142857142857224e+02
1.750476190476190368e+02
1.752380952380952408e+02
1.756666666666666572e+02
1.756190476190476204e+02
1.754761904761904816e+02
1.755714285714285836e+02
1.759523809523809632e+02
1.761904761904762040e+02
1.765714285714285836e+02
1.766190476190476204e+02
1.763809523809523796e+02
1.766666666666666572e+02
1.772857142857142776e+02
1.775238095238095184e+02
1.773333333333333428e+02
1.770000000000000000e+02
1.769047619047618980e+02
1.779047619047618980e+02
1.784761904761904816e+02
1.779047619047618980e+02
1.771904761904762040e+02
1.769047619047618980e+02
1.770952380952381020e+02
1.778571428571428612e+02
1.785714285714285836e+02
1.792380952380952408e+02
1.800000000000000000e+02
1.795714285714285836e+02
1.787142857142857224e+02
1.781904761904762040e+02
1.779047619047618980e+02
1.786666666666666572e+02
1.792380952380952408e+02
1.795238095238095184e+02
1.796190476190476204e+02
1.789523809523809632e+02
1.787142857142857224e+02
1.791904761904762040e+02
1.789523809523809632e+02
1.785238095238095184e+02
1.784761904761904816e+02
1.789523809523809632e+02
1.792857142857142776e+02
1.788095238095237960e+02
1.780476190476190368e+02
1.776190476190476204e+02
1.782380952380952408e+02
1.793333333333333428e+02
1.795238095238095184e+02
1.793333333333333428e+02
1.797619047619047592e+02
1.805238095238095184e+02
1.812380952380952408e+02
1.819047619047618980e+02
1.828095238095237960e+02
1.845714285714285836e+02
1.857619047619047592e+02
1.786190476190476204e+02
1.555714285714285836e+02
1.233333333333333286e+02
9.604761904761905100e+01
7.833333333333332860e+01
6.309523809523809490e+01
4.590476190476190510e+01
3.109523809523809490e+01
2.138095238095237960e+01
1.600000000000000000e+01
1.457142857142857117e+01
1.433333333333333393e+01
1.380952380952381020e+01
1.380952380952381020e+01
1.457142857142857117e+01
1.466666666666666607e+01
1.457142857142857117e+01
1.485714285714285765e+01
1.504761904761904745e+01
1.480952380952381020e+01
1.476190476190476275e+01
1.476190476190476275e+01
1.471428571428571352e+01
1.442857142857142883e+01
1.414285714285714235e+01
1.395238095238095255e+01
1.376190476190476275e+01
1.400000000000000000e+01
1.419047619047618980e+01
1.409523809523809490e+01
1.409523809523809490e+01
1.404761904761904745e+01
1.428571428571428648e+01
1.371428571428571352e+01
1.300000000000000000e+01
1.238095238095238138e+01
1.223809523809523725e+01
1.228571428571428648e+01
1.247619047619047628e+01
1.238095238095238138e+01
1.200000000000000000e+01
1.195238095238095255e+01
1.190476190476190510e+01
1.223809523809523725e+01
1.190476190476190510e+01
1.138095238095238138e+01
1.152380952380952372e+01
1.171428571428571352e+01
1.157142857142857117e+01
1.138095238095238138e+01
1.133333333333333393e+01
1.157142857142857117e+01
1.180952380952381020e+01
1.204761904761904745e+01
1.219047619047618980e+01
1.209523809523809490e+01
1.195238095238095255e+01
1.228571428571428648e+01
1.228571428571428648e+01
1.214285714285714235e+01
1.219047619047618980e+01
1.223809523809523725e+01
1.228571428571428648e+01
1.204761904761904745e+01
1.219047619047618980e+01
1.219047619047618980e+01
1.209523809523809490e+01
1.195238095238095255e+01
1.166666666666666607e+01
1.180952380952381020e+01
1.228571428571428648e+01
1.261904761904761862e+01
1.252380952380952372e+01
1.257142857142857117e+01
1.266666666666666607e+01
1.266666666666666607e+01
1.257142857142857117e+01
1.266666666666666607e+01
1.285714285714285765e+01
1.280952380952381020e+01
1.261904761904761862e+01
1.247619047619047628e+01
1.252380952380952372e+01
1.219047619047618980e+01
1.161904761904761862e+01
1.109523809523809490e+01
1.114285714285714235e+01
1.166666666666666607e+01
1.319047619047618980e+01
1.428571428571428648e+01
1.252380952380952372e+01
1.004761904761904745e+01
9.476190476190476275e+00
9.761904761904762751e+00
9.761904761904762751e+00
9.523809523809523725e+00
1.000000000000000000e+01
1.019047619047618980e+01
1.004761904761904745e+01
9.904761904761905100e+00
9.761904761904762751e+00
9.333333333333333925e+00
9.952380952380952550e+00
1.938095238095237960e+01
4.104761904761905100e+01
5.585714285714285410e+01
4.380952380952381020e+01
2.314285714285714235e+01
1.552380952380952372e+01
1.866666666666666785e+01
1.976190476190476275e+01
1.914285714285714235e+01
1.909523809523809490e+01
1.957142857142857295e+01
2.038095238095237960e+01
2.014285714285714235e+01
2.047619047619047450e+01
2.285714285714285765e+01
2.576190476190476275e+01
2.861904761904762040e+01
3.185714285714285765e+01
3.457142857142856940e+01
3.542857142857143060e+01
3.409523809523809490e+01
3.071428571428571530e+01
2.866666666666666785e+01
2.623809523809523725e+01
2.195238095238095255e+01
1.695238095238095255e+01
1.438095238095238138e+01
1.452380952380952372e+01
1.642857142857142705e+01
1.852380952380952550e+01
2.114285714285714235e+01
2.214285714285714235e+01
2.033333333333333215e+01
1.780952380952381020e+01
1.623809523809523725e+01
1.561904761904761862e+01
1.604761904761904745e+01
1.609523809523809490e+01
1.571428571428571352e+01
1.538095238095238138e+01
1.652380952380952550e+01
1.733333333333333215e+01
1.747619047619047450e+01
1.800000000000000000e+01
1.819047619047618980e+01
1.828571428571428470e+01
1.923809523809523725e+01
2.219047619047618980e+01
2.409523809523809490e+01
2.214285714285714235e+01
1.814285714285714235e+01
1.538095238095238138e+01
1.423809523809523725e+01
1.385714285714285765e+01
1.342857142857142883e+01
1.290476190476190510e+01
1.257142857142857117e+01
1.261904761904761862e+01
1.290476190476190510e+01
1.271428571428571352e+01
1.238095238095238138e+01
1.214285714285714235e+01
1.252380952380952372e+01
1.442857142857142883e+01
1.942857142857142705e+01
2.719047619047618980e+01
3.623809523809524080e+01
4.523809523809524080e+01
5.385714285714285410e+01
6.300000000000000000e+01
7.080952380952381020e+01
7.895238095238094900e+01
8.871428571428570820e+01
9.719047619047618980e+01
1.053333333333333286e+02
1.132857142857142918e+02
1.211904761904761898e+02
1.302380952380952408e+02
1.403333333333333428e+02
1.486190476190476204e+02
1.569047619047618980e+02
1.638095238095237960e+02
1.687142857142857224e+02
1.721428571428571388e+02
1.742380952380952408e+02
1.762857142857142776e+02
1.779047619047618980e+02
1.777619047619047592e+02
1.768571428571428612e+02
1.771428571428571388e+02
1.794285714285714164e+02
1.822857142857142776e+02
1.861904761904762040e+02
1.882857142857142776e+02
1.860000000000000000e+02
1.810476190476190368e+02
1.749047619047618980e+02
1.697142857142857224e+02
1.634761904761904816e+02
1.563809523809523796e+02
1.473333333333333428e+02
1.329523809523809632e+02
1.162380952380952408e+02
9.876190476190475920e+01
8.404761904761905100e+01
7.747619047619048160e+01
7.966666666666667140e+01
8.709523809523810201e+01
8.952380952380951840e+01
8.100000000000000000e+01
6.680952380952381020e+01
4.928571428571428470e+01
3.971428571428571530e+01
3.614285714285714590e+01
3.471428571428571530e+01
3.680952380952381020e+01
4.080952380952381020e+01
4.819047619047618980e+01
5.361904761904762040e+01
5.219047619047618980e+01
4.923809523809524080e+01
4.485714285714285410e+01
4.538095238095237960e+01
5.195238095238094900e+01
6.123809523809524080e+01
7.252380952380951840e+01
7.852380952380951840e+01
8.452380952380951840e+01
9.047619047619048160e+01
9.347619047619048160e+01
9.447619047619048160e+01
9.109523809523810201e+01
8.890476190476189799e+01
8.861904761904762040e+01
8.976190476190475920e+01
9.271428571428570820e+01
9.109523809523810201e+01
8.909523809523810201e+01
8.871428571428570820e+01
9.114285714285713880e+01
9.604761904761905100e+01
1.029523809523809490e+02
1.100000000000000000e+02
1.142857142857142918e+02
1.162857142857142918e+02
1.130476190476190510e+02
1.071428571428571388e+02
1.018095238095238102e+02
1.009047619047618980e+02
1.045714285714285694e+02
1.096666666666666714e+02
1.172857142857142918e+02
1.223809523809523796e+02
1.275238095238095184e+02
1.295714285714285836e+02
1.303809523809523796e+02
1.333333333333333428e+02
1.340000000000000000e+02
1.302857142857142776e+02
1.258095238095238102e+02
1.235714285714285694e+02
1.257619047619047592e+02
1.298095238095237960e+02
1.327142857142857224e+02
1.349047619047618980e+02
1.365714285714285836e+02
1.382380952380952408e+02
1.387619047619047592e+02
1.386666666666666572e+02
1.381428571428571388e+02
1.375238095238095184e+02
1.372857142857142776e+02
1.372380952380952408e+02
1.374285714285714164e+02
1.376190476190476204e+02
1.375714285714285836e+02
1.378571428571428612e+02
1.378095238095237960e+02
1.367619047619047592e+02
1.355238095238095184e+02
1.357142857142857224e+02
1.373809523809523796e+02
1.394761904761904816e+02
1.424285714285714164e+02
1.449047619047618980e+02
1.458095238095237960e+02
